160
4 231 273 277 288
4 409 430 433 439
4 3 8 10 13
4 18 23 24 31
4 55 65 71 89
4 123 139 149 159
4 235 268 276 278
4 283 294 302 328
4 391 397 399 400
4 422 424 427 429
4 431 467 472 474
4 497 16 22 25
4 26 27 29 32
4 78 80 81 92
4 107 112 114 115
4 116 119 124 128
4 129 132 136 138
4 160 172 174 185
4 237 244 245 247
4 251 254 259 267
4 289 295 304 307
4 341 347 359 361
4 363 365 372 373
4 377 395 401 411
4 425 468 490 494
4 2 4 9 30
4 63 74 75 77
4 83 87 88 94
4 96 98 102 103
4 110 118 122 125
4 126 127 130 131
4 133 134 135 137
4 140 142 143 145
4 146 150 157 161
4 167 168 169 171
4 173 176 178 179
4 183 184 191 194
4 202 205 206 209
4 211 215 216 220
4 222 223 224 227
4 228 229 232 238
4 239 241 243 246
4 248 250 253 255
4 257 260 262 265
4 270 272 275 281
4 287 290 291 293
4 296 297 303 305
4 308 309 312 313
4 314 316 317 318
4 321 323 327 331
4 335 338 340 342
4 343 344 346 349
4 354 355 357 366
4 368 370 374 380
4 381 382 383 386
4 389 393 398 402
4 404 406 408 413
4 415 416 417 418
4 426 428 435 436
4 440 456 457 458
3 414 11 64
3 7 73 120
3 158 170 182
3 337 462 484
3 495 0 38
3 48 52 108
3 319 111 113
3 234 264 298
3 221 310 329
3 350 376 434
3 371 448 452
3 463 475 486
3 451 5 19
3 15 20 60
3 61 147 175
3 181 187 193
3 199 208 219
3 34 236 240
3 249 258 271
3 311 320 324
3 292 360 367
3 356 387 396
3 385 405 419
3 455 473 498
3 445 499 6
3 90 91 99
3 105 117 121
3 180 188 192
3 201 203 214
3 163 218 230
3 225 242 263
3 336 345 351
3 348 353 364
3 362 384 388
3 375 392 394
3 403 407 412
3 438 449 459
3 36 40 41
3 44 46 50
3 45 54 59
3 66 69 70
3 56 76 79
3 95 100 104
3 101 106 109
3 144 148 152
3 151 153 164
3 195 198 200
3 204 207 217
3 186 226 233
3 269 280 282
3 274 284 285
3 325 332 339
3 378 379 390
3 432 446 450
3 453 460 461
3 37 39 43
3 49 51 53
3 57 58 62
3 42 67 68
3 82 84 85
2 93 97
2 190 196
2 197 252
2 286 333
2 369 420
2 423 441
2 12 33
2 47 165
2 300 326
2 482 1
2 14 21
2 35 279
2 28 306
2 299 322
2 330 421
2 315 454
2 17 86
2 154 189
2 212 334
2 352 358
2 256 492
2 72 141
2 266 301
2 156 213
2 410 443
2 155 166
2 210 261
2 162 177
2 437 442
2 444 447
2 464 465
2 466 469
2 470 471
2 476 477
2 478 479
2 480 481
2 483 485
2 487 488
2 489 491
2 493 496