1628
4 5357 5121 9918 9824
4 8148 6404 9780 9738
4 421 2589 9581 9517
4 5913 5583 9494 9467
4 6255 9906 9441 9420
4 8785 3629 9093 9061
4 6584 7710 8971 8916
4 1737 3987 8795 8691
4 7529 5231 8680 8619
4 2094 4386 8575 8538
4 6735 8197 8490 8457
4 1756 2584 8404 8362
4 8754 998 8350 8225
4 2395 6655 8218 8169
4 2861 6312 8069 8005
4 59 7923 7908 7810
4 7569 7704 7774 7708
4 6632 7444 7552 7469
4 8873 7262 7446 7291
4 7796 5905 7169 7144
4 820 1729 7039 6987
4 9004 1248 6906 6795
4 7549 7064 6775 6712
4 4848 5886 6552 6399
4 8603 8733 6276 6271
4 8189 8437 5762 5630
4 6839 9213 5385 5270
4 4318 4574 5139 5004
4 4100 6823 5000 4748
4 3904 4233 4722 4603
4 3626 7108 4543 4459
4 8479 5416 4347 4265
4 9383 4004 3962 3850
4 3697 1396 3800 3720
4 9131 5427 3551 3460
4 4041 370 3378 3288
4 847 3015 3277 3206
4 4863 9247 2989 2975
4 7792 6668 2971 2684
4 3135 4631 2609 2593
4 2222 1492 2404 2273
4 9618 2752 2258 2247
4 2687 2843 2217 2048
4 5570 44 2014 1842
4 8284 1561 1736 1577
4 7100 461 1566 1432
4 3505 8775 1387 1367
4 9765 1423 1363 1300
4 3295 4036 1262 1244
4 1385 6640 817 770
4 8004 8854 722 701
4 3273 5616 494 420
4 8591 3715 350 92
4 2345 2096 9953 9850
4 5918 6639 9725 9567
4 9813 674 9481 9460
4 3420 1556 9454 9428
4 5090 7936 9417 9300
4 666 2331 9067 8993
4 2935 4695 8989 8910
4 5251 2598 8800 8787
4 3825 6762 8403 8249
4 1081 1114 8120 8102
4 4147 6756 8092 8074
4 5001 5592 8046 7790
4 8384 8689 7680 7312
4 8119 1388 7226 7114
4 6196 7525 7082 7054
4 9818 864 6936 6898
4 5989 683 6867 6736
4 948 4106 6594 6469
4 6613 3942 6433 6408
4 5526 9888 6383 6327
4 8911 8320 6267 6221
4 4194 4473 6138 6116
4 5083 5211 6084 5933
4 9128 3149 5759 5626
4 5052 7369 5475 5414
4 8585 936 5381 5312
4 2459 2819 5258 5243
4 7515 8777 5165 5119
4 132 2968 5116 5016
4 4670 7819 4921 4903
4 2246 3484 4889 4853
4 7577 962 4687 4497
4 876 7863 4462 4432
4 8240 8814 4276 4275
4 2723 7939 4207 4072
4 7368 752 4017 3858
4 8837 9256 3836 3652
4 3457 8991 3436 3390
4 110 8392 3336 3294
4 3176 7208 3282 3252
4 7290 7950 3230 3185
4 371 2196 2986 2943
4 2728 7101 2719 2677
4 684 8636 2655 2618
4 281 2212 2465 2341
4 4808 8641 2290 2287
4 9267 5791 2223 2151
4 63 2499 1910 1879
4 6240 5602 1771 1739
4 9614 714 1651 1573
4 2475 3656 1370 1309
4 4090 7259 1280 1257
4 1101 2064 1072 1011
4 9019 4916 944 929
4 5651 9894 882 857
4 1013 3678 663 551
4 7834 839 375 246
4 1491 2548 205 102
4 3024 3765 35 9998
4 5048 7945 9923 9607
4 6170 7198 9388 9381
4 4405 4961 9353 9308
4 1004 1071 9287 9169
4 1115 5945 9125 9116
4 9965 4685 8914 8840
4 7937 1233 8825 8520
4 2124 3302 8514 8280
4 4579 3272 8192 8191
4 3795 8152 8096 8050
4 9986 5042 7941 7650
4 384 2141 7589 7452
4 3647 6677 7448 7338
4 7104 9295 7133 7034
4 1734 2008 7021 6980
4 2070 7927 6722 6696
4 4702 5101 6475 6431
4 6782 7135 6418 6325
4 854 5773 6159 6139
4 6495 1707 5629 5620
4 2115 4430 5590 5587
4 8058 336 5477 5319
4 1164 1214 5186 5062
4 2080 4957 4601 4493
4 5046 7201 4241 3955
4 7540 443 3831 3778
4 2558 2922 3766 3576
4 4788 4917 3550 3545
4 5214 7409 3461 3441
4 8639 1341 3406 3380
4 7896 8063 2991 2904
4 3499 5653 2853 2764
4 7825 49 2643 2641
4 976 6702 2588 2413
4 7202 7961 2369 2317
4 1146 1830 2111 2005
4 4886 4964 1719 1603
4 6381 9307 1500 1420
4 3463 4509 1398 1380
4 6176 7313 1360 1342
4 9568 818 1251 1014
4 82 4983 932 914
4 3792 5295 655 588
4 6107 8612 539 320
4 3047 5772 155 73
4 7595 7757 15 9939
4 3607 3940 9898 9740
4 4135 4874 9704 9290
4 5982 2727 9228 9127
4 3096 2228 8959 8765
4 2274 5713 8666 8512
4 8338 9305 8121 8054
4 2964 3896 8029 7933
4 6252 636 7811 7705
4 1353 3228 7597 7450
4 3566 1210 7348 7323
4 3309 4322 7182 7113
4 7136 8485 7035 6991
4 8608 887 6878 6710
4 5310 7305 6503 6360
4 1851 3293 6236 6103
4 4240 6168 6043 5999
4 7543 71 5857 5634
4 4406 4925 5618 5552
4 6550 7516 5440 5228
4 8322 9433 5221 5202
4 1988 1203 4998 4968
4 6935 8745 4743 4593
4 9129 7551 4589 4576
4 9866 1671 4541 4536
4 4940 1955 4114 4084
4 5625 7145 4008 3931
4 9795 7 3742 3682
4 1812 4185 3603 3571
4 9527 8116 3535 3533
4 3437 4141 3387 3384
4 5383 47 3377 3197
4 4131 5219 3081 2945
4 7579 594 2638 2581
4 1322 1450 2519 2507
4 2456 3114 2455 2017
4 7326 8465 1828 1795
4 8851 9552 1792 1641
4 4167 2259 1493 1468
4 4235 4637 1463 1247
4 7359 9 1245 1112
4 3042 3142 743 563
4 766 1094 440 429
4 1713 7231 99 9992
4 1742 4655 9967 9947
4 5006 5652 9817 9796
4 1934 3686 9782 9708
4 7583 9539 9537 9477
4 9690 532 9445 9395
4 2686 5873 9334 9317
4 2962 4074 9132 9113
4 4561 5494 8974 8678
4 7715 9525 8649 8587
4 3844 4657 8574 8481
4 8803 9263 8445 8416
4 727 2481 8300 8271
4 3072 8553 8226 8217
4 723 1050 7738 7575
4 1895 4847 7396 7379
4 7083 4112 7203 7029
4 4475 6129 6855 6658
4 6957 2759 6461 6369
4 3357 4102 6303 6295
4 7447 8250 6251 6217
4 8387 9235 6190 6182
4 9532 9917 6086 6048
4 62 2982 5971 5937
4 4374 7088 5878 5818
4 2293 2736 5684 5597
4 7196 8736 5403 5394
4 1946 3519 5069 4812
4 8332 954 4759 4749
4 3196 213 4686 4680
4 7032 7308 4580 4418
4 7648 8375 4310 4145
4 859 4320 4130 4111
4 8010 9196 3876 3755
4 9946 1591 3751 3732
4 2045 5163 3572 3525
4 6547 9063 3435 3198
4 1418 1724 2871 2832
4 2726 4076 2778 2721
4 5777 6882 2640 2286
4 2060 2342 2132 1950
4 3337 4619 1940 1938
4 5904 6611 1893 1776
4 7725 8193 1757 1752
4 8767 850 1748 1662
4 1568 2652 1457 1343
4 3689 6178 1274 1236
4 9106 992 1123 1108
4 2340 4402 1104 1025
4 5172 9119 927 713
4 2544 3155 680 569
4 8644 1433 528 524
4 4490 4638 470 368
4 4912 4995 266 135
4 9966 1621 116 52
4 2642 3170 9980 9979
4 3672 6558 9949 9916
4 9747 586 9878 9808
4 2085 2749 9666 9640
4 3648 3775 9480 9455
4 120 201 9412 9351
4 3757 5729 9147 9112
4 8626 9344 9040 9012
4 9576 3542 8953 8764
4 3781 5686 8428 8255
4 6038 6534 8188 8157
4 6913 7451 8041 8024
4 7494 7851 7503 7477
4 8601 2828 7455 7378
4 3257 4139 7376 7358
4 7643 6571 7160 7107
4 8478 774 6916 6909
4 4550 5931 6597 6523
4 6567 7148 6200 6066
4 8138 8397 5826 5560
4 2628 3889 5555 5486
4 5156 7464 5447 5092
4 7545 7814 4999 4864
4 403 1763 4760 4755
4 2323 3593 4349 4180
4 8186 9542 4159 4086
4 328 676 4039 3970
4 2862 2870 3908 3868
4 4150 4244 3829 3815
4 6134 9302 3642 3459
4 2795 3112 3393 3287
4 3376 3475 3245 3215
4 4058 6537 3152 3116
4 7862 18 3100 3094
4 2300 2308 2845 2767
4 8997 9151 2760 1901
4 9275 9713 1772 1676
4 58 4959 1617 1448
4 6467 6927 1408 1310
4 7079 8187 1241 1185
4 8865 9559 1033 989
4 1383 2036 724 223
4 2213 2814 167 9940
4 4390 5081 9783 9509
4 4044 5366 9396 9053
4 7316 8233 8905 8892
4 8242 8267 8887 8782
4 9900 3451 8693 8483
4 3708 3840 8467 8279
4 3869 8115 8048 7456
4 4480 8259 7328 7317
4 1711 5609 7244 7053
4 6147 6171 6970 6872
4 7166 7445 6820 6241
4 7703 8506 6004 5984
4 9528 446 5893 5650
4 778 2123 5405 5050
4 3842 5845 5033 4941
4 7673 8616 4897 4872
4 8849 1160 4606 4396
4 2305 8079 4350 4342
4 9243 9320 4253 4199
4 9873 11 4181 4152
4 1049 1839 4081 4051
4 1936 2160 4024 4015
4 2267 3526 3960 3957
4 3583 5540 3826 3699
4 8094 245 3490 3430
4 654 1136 3319 3148
4 2243 2313 3056 3032
4 3126 4837 2753 2735
4 5096 8101 2637 2366
4 8430 333 2145 1844
4 1552 2023 1769 1455
4 6050 6123 1434 1428
4 6359 8167 1379 1169
4 9605 1509 1017 779
4 3913 5359 625 506
4 7267 7944 495 344
4 9514 2985 259 9997
4 3950 4284 9809 9758
4 5136 5324 9731 9541
4 7726 8509 9510 9452
4 9921 687 9442 9422
4 2944 4551 9310 9279
4 5854 7385 9191 9109
4 7953 8036 8949 8843
4 8286 9374 8706 8622
4 373 2282 8515 8301
4 2920 4902 8243 7837
4 6300 6580 7816 7784
4 6777 7008 7754 7722
4 706 1767 7304 6802
4 2535 3106 6793 6758
4 3745 4498 6588 6422
4 5209 6842 6386 6194
4 7522 8367 6067 6061
4 9784 1231 5976 5735
4 1845 3618 5673 5654
4 3632 3899 5571 5565
4 6481 7466 5390 5374
4 9289 65 5354 5230
4 1427 2674 5109 4905
4 2817 3253 4799 4654
4 7922 9340 4590 4471
4 2203 5665 4454 4364
4 6060 8348 4304 4166
4 9856 177 4125 3979
4 2718 4690 3921 3711
4 5600 6985 3701 3627
4 6989 7026 3589 3556
4 8701 9283 3404 3388
4 9722 463 3151 3093
4 7700 9732 2923 2869
4 9942 593 2865 2844
4 2994 3002 2780 2679
4 5622 7756 2644 2491
4 8026 1359 2445 2302
4 3083 4151 2069 1855
4 4965 5919 1785 1730
4 7920 8346 1458 1456
4 8563 9111 1325 1314
4 780 1096 1144 1089
4 1996 2572 1019 981
4 2941 4516 971 125
4 6582 6638 36 9925
4 7050 8047 9897 9831
4 8697 8721 9827 9518
4 9691 1357 9472 9402
4 1817 3229 9288 9064
4 6313 7212 9058 9049
4 8834 9649 8973 8943
4 2619 6329 8769 8705
4 8253 9252 8627 8427
4 745 1085 8385 8315
4 2364 9778 8184 7765
4 522 1336 7762 7701
4 1372 2571 7630 7609
4 3485 4137 7538 7411
4 4951 5962 7242 7084
4 7209 9366 7070 7027
4 103 717 6877 6732
4 2009 2802 6667 6608
4 3356 4582 6322 6207
4 6316 6363 6204 6092
4 8839 9443 6091 6071
4 9779 251 6013 5930
4 565 709 5871 5704
4 1861 2112 5695 5348
4 4351 4352 5344 5143
4 6477 6602 4927 4869
4 8477 9751 4745 4673
4 67 2647 4597 4499
4 3368 6426 4348 4338
4 2351 5891 4303 4201
4 5909 8811 4068 3779
4 2905 3443 3713 3709
4 6994 7119 3462 3359
4 8199 9123 3236 3200
4 9154 9365 3190 3160
4 6 257 2984 2973
4 645 1340 2965 2938
4 3089 4259 2851 2815
4 5793 7629 2714 2670
4 9124 171 2667 2458
4 214 1976 2276 2130
4 2536 5492 2090 2078
4 7671 7981 2040 2037
4 8614 8751 1926 1913
4 332 1202 1721 1365
4 1510 1787 1255 1067
4 2095 3379 1048 994
4 4884 6415 897 841
4 7330 9325 747 718
4 9585 1344 702 518
4 1701 2162 339 276
4 3496 4134 9753 9707
4 4293 4357 9476 9170
4 4477 7489 8937 8723
4 7911 8947 8664 8544
4 9546 9629 8402 8285
4 9806 60 8033 8025
4 3062 3214 7976 7930
4 3308 5239 7763 7720
4 5593 188 7619 7325
4 1001 1820 7193 7073
4 2957 4557 6954 6768
4 4867 5544 6729 6515
4 6666 8163 6164 5858
4 8200 8501 5855 5846
4 8923 9363 5843 5780
4 9968 750 5738 5737
4 877 1717 5679 5605
4 5149 5330 5434 5288
4 6914 8529 5103 4862
4 8835 9511 4586 4460
4 9930 9974 4420 4395
4 1740 1975 4250 4003
4 4222 5236 3999 3974
4 5244 5518 3946 3872
4 5733 6956 3723 3659
4 7934 8003 3520 3456
4 8779 1505 3162 3103
4 4711 5332 3071 3036
4 5991 6297 2914 2822
4 6342 7057 2791 2777
4 7391 321 2675 2654
4 1351 1564 2613 2524
4 1800 2776 2446 2338
4 4727 4977 2197 2187
4 7613 8651 2158 2053
4 8658 9545 2032 2031
4 296 924 2015 2004
4 1364 1883 1896 1674
4 2575 3730 1520 1425
4 7677 9166 1394 1239
4 3750 4331 1215 1126
4 4696 6188 1028 843
4 7415 7439 721 707
4 8040 8431 665 497
4 1249 1965 479 454
4 2245 3120 426 397
4 4572 5529 387 330
4 5758 5970 109 9653
4 7153 7344 9598 9531
4 9962 791 9461 9389
4 1522 1747 8921 8790
4 7210 7647 8580 8484
4 8915 8990 8378 8352
4 9419 9426 8295 8234
4 2509 3579 8125 7867
4 4161 4415 7687 7582
4 4717 5028 7572 7562
4 5131 5808 7505 7428
4 7699 8168 7285 6908
4 8449 9550 6895 6879
4 1743 3473 6863 6555
4 5488 5683 6041 5805
4 5835 6738 5761 5572
4 7972 8056 5507 5500
4 8579 96 5372 5334
4 767 1061 5307 5248
4 1714 2043 5204 5114
4 2265 2573 5071 4849
4 3655 5074 4831 4744
4 5728 6042 4730 4624
4 6616 7824 4378 4302
4 8418 9271 4067 3770
4 9341 9397 3740 3733
4 55 301 3342 3264
4 902 1673 3232 3180
4 3087 6273 3143 3067
4 6419 6627 2992 2894
4 7250 8866 2893 2868
4 9569 264 2855 2606
4 631 1200 2542 2387
4 1523 2952 2350 2099
4 3830 3845 1900 1680
4 5720 6144 1637 1486
4 8470 8548 1312 1232
4 8607 197 1069 913
4 385 773 861 543
4 797 1178 535 488
4 1636 1889 286 9924
4 3223 3834 9790 9756
4 4870 6742 9688 9683
4 7524 8625 9497 9335
4 9566 9626 9306 9202
4 9853 1508 9056 8976
4 2089 2809 8884 8802
4 3167 3306 8674 8630
4 5155 5553 8621 8589
4 6226 6309 8489 8482
4 6410 8487 8216 8088
4 8702 9572 7974 7874
4 9797 407 7806 7437
4 2055 3137 7435 7282
4 3978 4367 7199 7161
4 4960 6336 7044 6978
4 6377 8132 6786 6449
4 8659 9048 6397 6238
4 1476 1810 6211 6165
4 3905 4600 6032 6001
4 5375 5864 5567 5502
4 6192 7155 5408 5318
4 7436 7567 5301 4909
4 7748 8183 4908 4815
4 9250 730 4585 4401
4 1948 2612 4383 4029
4 3557 3673 4021 3986
4 4649 5610 3725 3604
4 278 1228 3433 3182
4 1998 2486 3139 3010
4 3271 3791 2497 2478
4 3870 4079 2440 2322
4 4524 6384 2321 2135
4 8671 9718 2027 1921
4 875 4043 1906 1816
4 4200 4861 1630 1242
4 6058 6769 1121 969
4 9689 9952 694 679
4 283 2353 661 548
4 3001 5308 442 317
4 6028 6198 9697 9630
4 6747 8707 9466 9077
4 8940 9265 8926 8917
4 9746 9843 8869 8847
4 3 1429 8710 8444
4 1912 3857 8414 8394
4 3944 5476 8339 8324
4 7253 9871 8262 8071
4 85 1483 7940 7769
4 2912 5170 7714 7601
4 6010 6662 7497 7449
4 7302 8172 7366 7280
4 9078 432 6896 6813
4 1140 2000 6717 6626
4 3367 3997 6502 6465
4 7412 7443 6362 5987
4 8204 8297 5667 5645
4 8677 9507 5506 5468
4 263 836 5445 5320
4 884 915 5089 5031
4 1040 1587 4970 4836
4 1853 3278 4805 4652
4 4179 4527 4587 4485
4 4532 4706 4476 4472
4 6578 7118 4366 4295
4 7880 8453 4168 4162
4 9755 1720 3998 3920
3 5796 9487 8492
3 5515 9612 7641
3 8452 2489 7189
3 604 6459 6874
3 9354 9529 5291
3 1524 4449 5112
3 5744 9483 4934
3 9620 1287 4264
3 2545 6476 3959
3 973 2061 3285
3 2155 4644 3130
3 5363 7168 2063
3 453 2117 1790
3 2932 8287 783
3 1677 9959 8207
3 2927 7512 5435
3 7777 9165 5411
3 9675 9748 5337
3 1704 1884 5232
3 4442 4661 5102
3 4865 5371 4569
3 5418 7610 4528
3 7884 9326 4397
3 9714 9730 4319
3 253 2490 4223
3 3297 4091 4213
3 4592 4636 4212
3 4692 4774 4183
3 5710 6628 4023
3 6651 6676 3776
3 6932 7219 3597
3 7361 7993 3594
3 8032 8035 3569
3 8907 9530 3537
3 9602 9761 3507
3 9864 540 3305
3 1445 2020 3168
3 2241 2765 3128
3 4703 4875 3014
3 4989 5644 2849
3 6155 6849 2788
3 7286 7406 2626
3 7659 9376 2396
3 362 648 2339
3 735 1282 2250
3 1837 2854 2209
3 3558 3912 2156
3 3924 4066 2071
3 4363 4381 1945
3 4716 5044 1675
3 5235 5517 1629
3 5794 6557 1156
3 1440 2254 1041
3 2565 2887 991
3 3654 3802 624
3 3839 3945 408
3 4187 4506 399
3 4926 5035 386
3 6326 6827 340
3 7090 7526 285
3 7662 7841 126
3 8123 8176 50
3 9523 9896 9909
3 9976 898 9672
3 1023 1595 9665
3 2400 2461 9405
3 3531 3553 9185
3 4656 4771 8922
3 4904 5020 8904
3 5671 6365 8846
3 6733 7003 8623
3 7074 7594 8335
3 8423 9016 8145
3 534 1598 7998
3 2806 3498 7879
3 3567 4064 7723
3 4089 4410 7702
3 5916 6366 7676
3 6380 6794 7485
3 6976 7382 7351
3 7733 8241 7336
3 9650 9922 7284
3 358 1339 7146
3 1406 1467 7137
3 2006 2081 6728
3 2457 3422 6695
3 4559 4773 6672
3 5389 5474 6117
3 5530 6289 6113
3 6673 7037 5880
3 8333 1332 5841
3 1533 1723 5830
3 2320 4412 5452
3 5205 5355 5335
3 6436 7356 5314
3 7374 7432 5305
3 7683 8597 5269
3 9220 9368 5076
3 9453 147 5039
3 210 404 5011
3 960 1471 4991
3 2375 2783 4881
3 3760 3906 4838
3 4879 5336 4707
3 5898 6076 4560
3 6800 6988 4368
3 7914 8432 4346
3 8861 9456 4332
3 9848 9988 4296
3 33 489 4189
3 622 689 4182
3 1422 1584 4087
3 2907 4495 4045
3 6361 6857 4033
3 8019 146 3981
3 909 1609 3881
3 3323 3718 3710
3 4375 4478 3613
3 4720 5178 3524
3 5457 5489 3470
3 6490 6514 3000
3 6778 7821 2940
3 8376 8715 2901
3 8889 8938 2784
3 9468 9879 2623
3 2381 2389 2362
3 2462 3145 2214
3 3704 4011 2183
3 4639 4766 2118
3 5086 5551 1786
3 5633 6528 1722
3 7419 7426 1682
3 7534 7768 1666
3 7785 7818 1392
3 7943 8153 1368
3 8648 9043 1240
3 737 1021 1173
3 2398 2401 1150
3 2874 3244 1053
3 3582 3617 1030
3 4452 5856 952
3 5869 6784 945
3 7230 7249 891
3 7310 7530 878
3 8043 8150 807
3 8894 8898 353
3 9192 9361 282
3 9561 9684 247
3 9726 396 80
3 1529 2260 9777
3 3595 3882 9615
3 3914 6016 9579
3 6340 7175 9516
3 7592 8823 9439
3 8845 9072 9304
3 9703 150 9292
3 1512 1922 9177
3 1930 2129 9088
3 3153 3299 9079
3 3352 3559 9052
3 3983 4026 8939
3 4057 4953 8925
3 5467 5776 8901
3 5901 6208 8896
3 6585 6870 8856
3 7917 8299 8818
3 8954 9631 8809
3 39 198 8724
3 635 835 8700
3 1952 3371 8634
3 3966 5085 8583
3 5255 5380 8140
3 5461 5865 8106
3 5920 6202 8055
3 7013 7990 8030
3 8325 8425 7968
3 8679 9122 7910
3 9143 9222 7750
3 9971 1090 7718
3 1886 2191 7644
3 3749 3985 7604
3 4202 4467 7422
3 4823 4907 7303
3 5522 5832 6974
3 6466 6834 6826
3 7116 7454 6791
3 7770 8712 6691
3 8746 9429 6688
3 32 359 6665
3 512 804 6538
3 947 3075 6355
3 3188 3339 5806
3 5531 5556 5797
3 5724 6649 5662
3 7010 7596 5638
3 7956 7966 5497
3 8238 8682 5455
3 9062 9221 5300
3 9549 9667 5249
3 9802 711 5194
3 1507 1822 5152
3 2134 3129 5130
3 3136 3564 4817
3 4124 4704 4753
3 5615 6724 4682
3 7480 7689 4629
3 9091 9183 4542
3 9606 9734 4455
3 9828 45 4289
3 149 678 4178
3 1347 1761 4096
3 2277 2924 4085
3 3011 3428 3910
3 3811 4016 3855
3 4640 4887 3702
3 5896 5908 3676
3 6184 6421 3606
3 6700 7220 3599
3 7221 7809 3538
3 8519 9868 3291
3 170 300 3184
3 1100 1256 3175
3 2148 2167 3069
3 2343 2707 2981
3 3322 4208 2624
3 5756 6243 2421
3 6574 6705 2416
3 6873 7186 2346
3 7731 7876 2139
3 7970 8276 2092
3 9173 0 1498
3 313 849 1441
3 1382 2024 1431
3 3641 3694 1375
3 3991 4465 1229
3 4514 5047 963
3 5451 5566 869
3 5584 6160 855
3 6264 6446 851
3 6811 7964 712
3 8196 8263 557
3 8632 9096 233
3 471 611 42
3 2198 2278 9928
3 2467 3020 9639
3 3121 3724 9520
3 5164 5939 9262
3 6203 6248 9184
3 6637 8264 9118
3 8562 9459 8982
3 9573 1047 8888
3 1908 2495 8699
3 2672 4335 8588
3 4708 4949 8510
3 5166 5277 8307
3 5954 6553 8294
3 6659 6681 8266
3 6903 7984 8111
3 8027 8517 8105
3 8752 8908 8091
3 9752 9978 7728
3 1044 1157 7698
3 1174 1199 7615
3 2983 4659 7495
3 5657 6015 7402
3 6522 6596 6977
3 6726 6942 6892
3 7386 7424 6789
3 7975 8133 6759
3 9299 9583 6689
3 9891 9987 6413
3 9996 1179 6089
3 1181 1569 6030
3 2367 2875 5923
3 3681 3818 5922
3 4215 4340 5712
3 4992 5040 5478
3 5240 5860 5093
3 5947 6648 4900
3 7425 8711 4809
3 8801 9068 4729
3 9210 9328 4643
3 433 541 4510
3 708 1106 4404
3 1411 1593 4380
3 2337 3127 4203
3 3203 3226 4146
3 3412 4511 3964
3 5362 5449 3952
3 5721 6017 3737
3 6112 7384 3687
3 7727 9038 3605
3 9633 562 3512
3 2062 3517 3452
3 4790 5173 3418
3 5763 5836 3345
3 6022 6719 3250
3 7509 7521 2979
3 8143 8222 2820
3 9836 514 2528
3 825 1381 2450
3 1616 1668 2449
3 1840 2506 2360
3 2702 3031 2312
3 3563 3894 2292
3 4286 4419 2195
3 4456 5536 1962
3 5813 6246 1919
3 6478 7500 1565
3 8160 8210 1545
3 9721 204 1291
3 355 2025 1264
3 2296 2601 1092
3 4052 4206 1026
3 5157 5496 1024
3 6351 7555 742
3 8202 8413 699
3 8667 8696 585
3 8828 8863 176
3 8864 9486 75
3 608 889 48
3 968 1400 9936
3 1751 1768 9911
3 2120 3105 9875
3 4359 4958 9840
3 5730 6492 9503
3 6713 7877 9449
3 8139 8336 9440
3 8810 70 9401
3 465 1012 9293
3 1409 1535 9080
3 2159 2329 8852
3 2437 2954 8741
3 3330 3596 8611
3 4092 4188 8590
3 4742 5198 8433
3 5872 6051 8421
3 6275 6280 8330
3 6864 7751 8308
3 8006 8031 8306
3 8876 8977 8112
3 9920 9935 7997
3 9995 234 7865
3 240 530 7798
3 919 955 7779
3 1321 1843 7621
3 2033 2578 7440
3 3004 3235 7128
3 3657 3809 7023
3 3972 4228 6992
3 4801 4858 6955
3 4943 5368 6928
3 6263 6960 6798
3 7633 8919 6653
3 9198 9269 6642
3 9418 131 6609
3 270 430 6530
3 431 456 6372
3 1062 1640 5795
3 2746 3311 5637
3 3926 4000 5562
3 5082 5606 5431
3 5751 6576 5393
3 7397 7614 5285
3 7729 7924 5284
3 8089 8215 5115
3 8454 9028 5022
3 9187 9519 4945
3 9600 9716 4552
3 9768 97 4539
3 372 500 4526
3 620 978 4343
3 1330 1750 4316
3 1939 2193 4281
3 2604 2661 4171
3 2762 2786 4140
3 2949 3939 4075
3 4046 5208 3976
3 6008 6097 3923
3 6698 6964 3851
3 7995 8137 3372
3 9201 9332 3365
3 9446 9699 3061
3 9767 136 2917
3 439 673 2599
3 1036 1259 2233
3 1744 1980 1782
3 2072 2632 1692
3 2977 3956 1670
3 4301 4534 1604
3 4796 5191 1528
3 5986 6003 1389
3 6161 6761 1384
3 6890 7170 1128
3 7663 8401 918
3 8447 9086 890
3 9431 9538 874
3 9584 9656 744
3 885 1475 667
3 1519 1796 564
3 2102 2514 484
3 2694 2713 324
3 2772 3212 310
3 3590 4221 232
3 4798 4942 98
3 5245 5482 9847
3 6565 6824 9668
3 6835 6844 9652
3 7407 7457 9619
3 7991 8180 9562
3 8822 9398 9558
3 9944 24 9504
3 183 956 9482
3 1318 1649 9435
3 1961 2074 9430
3 2399 2595 8948
3 3280 3370 8946
3 4104 6137 8668
3 6352 8252 8496
3 8326 8383 8471
3 8435 8568 8146
3 9413 37 8076
3 86 1279 7775
3 1694 2207 7566
3 3060 3344 7271
3 3793 4238 7256
3 4387 4502 7232
3 4635 4777 7225
3 5666 5732 7213
3 5752 6121 6603
3 6197 6450 6573
3 6463 6809 6455
3 6887 7674 6318
3 7800 7881 6173
3 7895 8037 6080
3 8859 9075 6070
3 9083 9855 6037
3 457 1546 6011
3 1983 2297 5953
3 2881 2891 5787
3 2953 3822 5519
3 4783 4839 5450
3 5994 6302 5352
3 7461 7471 5195
3 7554 7586 5184
3 9036 458 5110
3 487 602 5084
3 756 1538 4915
3 1755 3364 4866
3 3543 4248 4677
3 4358 4400 4566
3 4595 5168 4563
3 5897 6959 4186
3 6963 6972 4105
3 7320 7357 4007
3 7362 7410 3996
3 7724 7812 3954
3 8314 8815 3937
3 8900 9009 3919
3 335 2144 3786
3 2149 2210 3630
3 2596 2608 3575
3 2903 3052 3574
3 3141 3951 3510
3 4116 4399 3483
3 4434 4596 3207
3 5024 6311 2701
3 6471 6915 2477
3 7094 7206 2454
3 7387 8093 2354
3 8353 8766 1834
3 8930 9035 1304
3 9047 9094 1269
3 9137 221 1268
3 392 462 985
3 801 1371 824
3 1536 2028 754
3 2610 2741 748
3 2785 2956 657
3 3021 3347 617
3 3875 4339 389
3 4504 6332 377
3 6353 6506 129
3 8486 9114 122
3 9215 9564 5
3 9578 9838 9805
3 40 1161 9522
3 1678 1688 9416
3 2837 2859 9391
3 2892 3651 8755
3 3789 4069 8565
3 4994 5066 8459
3 5628 6127 8364
3 6448 6818 8360
3 6925 7078 8162
3 7602 7850 8082
3 7889 9659 8070
3 31 168 7996
3 725 802 7755
3 1453 2059 7301
3 2412 2469 7157
3 3887 4736 7076
3 4877 4982 6946
3 5181 5233 6910
3 6148 6175 6891
3 6232 8663 6572
3 9709 9820 6564
3 502 739 6525
3 840 842 6235
3 1009 1426 6020
3 1778 2307 5942
3 2683 2685 5934
3 4097 4291 5703
3 4688 5106 5561
3 5125 6229 5264
3 6328 6944 5261
3 7557 7632 5126
3 7694 7859 5078
3 7959 8028 5034
3 8438 8543 4683
3 8737 9394 4665
3 9651 9993 4612
3 78 152 4242
3 325 343 3938
3 393 402 3874
3 511 615 3738
3 639 644 3688
3 1220 1959 3410
3 2101 2169 3369
3 3012 3318 3303
3 3841 4488 3241
3 4549 5128 3063
3 5817 6699 2813
3 6725 7960 2650
3 8022 8426 2448
3 8576 9015 2408
3 9223 9540 2392
3 9595 9678 2236
3 229 613 2079
2 398 8407
2 3028 3726
2 4469 3421
2 4607 3351
2 5203 3304
2 5207 3231
2 6012 3065
2 6146 2880
2 6483 2816
2 6981 2768
2 7095 2755
2 7103 2625
2 8442 2547
2 8683 2534
2 513 2482
2 995 2414
2 3022 2394
2 3728 2374
2 3885 2263
2 5803 2119
2 5849 2034
2 6110 1991
2 6320 1797
2 7696 1643
2 7978 1560
2 8670 1446
2 9695 1417
2 464 1125
2 634 1098
2 1224 1051
2 1378 933
2 1821 852
2 2585 758
2 3508 647
2 6757 560
2 7319 166
2 7617 104
2 7618 90
2 8964 79
2 1037 9801
2 1253 9760
2 2877 9657
2 3518 9103
2 4474 9071
2 4565 9034
2 4617 8885
2 4883 8386
2 6370 8369
2 7296 8358
2 7603 8178
2 8722 8126
2 8929 7947
2 1073 7860
2 1681 7846
2 1708 7685
2 3037 7563
2 3561 7537
2 3736 7519
2 3877 7468
2 4307 7234
2 5174 7191
2 5197 6997
2 6444 6883
2 6498 6292
2 7861 6287
2 8750 6214
2 8932 5975
2 9908 5955
2 1117 5932
2 1526 5623
2 1542 5459
2 1684 5326
2 1923 5226
2 2939 4974
2 3248 4776
2 3362 4751
2 3375 4719
2 4786 4626
2 4871 4385
2 5785 4261
2 7759 4118
2 8692 4073
2 8895 4049
2 9359 3989
2 9464 3967
2 137 3900
2 559 3886
2 1116 3767
2 1152 3706
2 1154 3661
2 1484 3631
2 2627 3609
2 2937 3601
2 4038 3548
2 4439 3183
2 5902 3166
2 7536 3098
2 8524 2995
2 9599 2926
2 520 2742
2 1571 2738
2 2488 2710
2 3892 2496
2 4361 2403
2 7870 2315
2 8328 2284
2 3511 2261
2 4292 2093
2 4521 1916
2 5278 1914
2 5462 1875
2 6296 1863
2 6367 1760
2 8874 1710
2 8956 1472
2 9880 1397
2 2592 980
2 2798 951
2 3853 946
2 4975 879
2 5823 830
2 7678 599
2 7823 547
2 8466 474
2 8637 84
2 9197 9938
2 916 9937
2 1261 9915
2 1833 9739
2 3055 9676
2 3107 9373
2 3544 9277
2 5341 9268
2 5547 9167
2 5839 9001
2 6231 8920
2 6656 8909
2 7041 8841
2 7178 8799
2 9769 8704
2 9849 8656
2 17 8531
2 56 8488
2 172 8460
2 174 8448
2 970 8317
2 1361 8182
2 1712 8057
2 2566 8051
2 2600 7912
2 4668 7747
2 4946 7707
2 5705 7598
2 5941 7354
2 6220 7188
2 6577 6995
2 6605 6951
2 6965 6926
2 7463 6861
2 8527 6568
2 9425 6486
2 9907 6464
2 9961 6437
2 1726 6424
2 2185 6346
2 5378 6335
2 5441 6317
2 5998 6299
2 6938 5827
2 7255 5784
2 9984 5775
2 529 5716
2 760 5711
2 846 5687
2 2368 5564
2 5503 5433
2 5548 4947
2 6389 4784
2 7130 4779
2 7215 4481
2 7238 4336
2 10 4324
2 145 4268
2 3050 4225
2 3769 4210
2 4604 3982
2 5250 3650
2 6715 3592
2 7363 3468
2 8516 3429
2 9014 3163
2 9350 3140
2 297 3113
2 451 3040
2 688 2616
2 738 2576
2 844 2438
2 1234 2256
2 1430 2189
2 1570 2114
2 1765 2113
2 2106 2041
2 3516 1997
2 3746 1894
2 3969 1657
2 4663 1272
2 4731 1246
2 5151 1204
2 5446 790
2 5563 751
2 6856 710
2 7740 692
2 8363 584
2 8931 580
2 9092 501
2 208 490
2 525 445
2 923 351
2 1122 231
2 1601 113
2 2716 100
2 3134 29
2 5271 9919
2 5649 9845
2 6583 9757
2 6752 9654
2 8714 9515
2 9168 9378
2 556 9315
2 912 9110
2 1197 8480
2 1487 8476
2 1827 8341
2 2165 8149
2 2766 8072
2 5118 7952
2 5325 7926
2 5579 7904
2 6205 7767
2 6266 7612
2 6364 7560
2 6526 7506
2 6540 7482
2 7218 7472
2 7624 7331
2 7778 7297
2 9597 7205
2 9741 7181
2 9895 7141
2 139 7056
2 164 7012
2 926 7004
2 1963 6893
2 2407 6657
2 3104 6601
2 3540 6394
2 4093 6385
2 6133 6333
2 7149 6047
2 8239 5988
2 9121 5707
2 9161 5656
2 117 5490
2 2007 5425
2 2221 5154
2 2295 4824
2 2649 4785
2 3258 4772
2 4491 4362
2 4990 4278
2 6396 4204
2 7518 4190
2 7558 4071
2 8081 4061
2 8673 3814
2 8833 3805
2 9182 2682
2 9214 2639
2 9450 2559
2 1589 2539
2 1648 2501
2 2484 2493
2 4230 2487
2 5007 2441
2 5013 2434
2 5017 1784
2 5948 1779
2 8059 1697
2 8161 1659
2 211 1600
2 2804 1419
2 3674 1175
2 4627 1034
2 5574 905
2 5627 787
2 5899 664
2 6052 460
2 6451 243
2 7499 212
2 7839 46
2 8044 9956
2 8650 9705
2 8824 9358
2 9246 9163
2 9390 9133
2 9594 9033
2 480 8718
2 628 8690
2 2309 8357
2 2879 8349
2 3691 8288
2 4126 8281
2 5056 8208
2 5875 8175
2 6149 8066
2 7152 8060
2 7346 8042
2 7692 8018
2 8198 7691
2 8293 7520
2 87 7355
2 642 7294
2 1010 7277
2 2127 7269
2 2555 7126
2 2848 7006
2 6680 6889
2 7204 6847
2 7983 6587
2 8617 6532
2 9135 6349
2 1015 6218
2 1825 6140
2 2590 5927
2 2836 5821
2 3029 5743
2 3276 5708
2 3932 5659
2 6102 5541
2 6623 5525
2 6721 5484
2 7318 5392
2 8247 5283
2 9490 5087
2 9719 5065
2 656 4984
2 2125 4803
2 2811 4765
2 3608 4448
2 3828 4391
2 5879 4282
2 6157 4101
2 6215 4083
2 6645 3013
2 7151 3005
2 7278 2867
2 7752 2833
2 8305 2830
2 8609 2761
2 8653 2708
2 9588 2494
2 178 2430
2 289 2429
2 597 2177
2 900 1927
2 1735 1823
2 1847 1791
2 1866 1780
2 1876 1746
2 2872 1715
2 3973 1702
2 4555 1482
2 6036 1449
2 6731 1390
2 7954 1362
2 8606 1193
2 9414 925
2 9471 873
2 9580 853
2 9776 813
2 28 731
2 206 705
2 1620 416
2 1943 354
2 2516 334
2 3239 9983
2 3480 9874
2 3677 9857
2 3692 9743
2 4650 9674
2 4859 9492
2 5487 9242
2 5513 9231
2 6193 8983
2 6256 8980
2 9286 8935
2 931 8871
2 1159 8830
2 1464 8798
2 1856 8743
2 2538 8687
2 4671 8577
2 5824 8343
2 7375 8296
2 8652 8290
2 9852 7935
2 590 7836
2 1056 7746
2 1311 7214
2 1393 7195
2 2226 7173
2 4170 7158
2 5815 6941
2 6350 6911
2 6685 6884
2 6703 6816
2 8134 6779
2 8578 6598
2 9382 6589
2 9499 6575
2 1632 6489
2 1819 6439
2 2697 6376
2 3527 6298
2 3808 6172
2 3891 6115
2 4522 5669
2 4573 5647
2 6531 5524
2 9276 5520
2 834 5438
2 1129 5402
2 1205 5144
2 2999 4878
2 3092 4800
2 3132 4778
2 4496 4647
2 4792 4615
2 5058 4431
2 5061 4382
2 5559 4129
2 5981 3764
2 6111 3653
2 6152 3514
2 7764 3465
2 7888 3397
2 8258 3317
2 8434 3238
2 124 3034
2 151 2960
2 307 2958
2 1260 2896
2 1877 2787
2 1994 2737
2 2732 2648
2 4054 2615
2 6206 2182
2 6443 2073
2 6741 1798
2 6984 1759
2 8468 1660
2 8537 1356
2 53 1293
2 1718 1281
2 1874 1007
2 3895 941
2 4933 755
2 5094 732
2 6053 685
2 7105 592
2 7475 366
2 7875 345
2 8342 9841
2 8684 9791
2 9238 9766
2 9407 9587
2 9637 9574
2 142 9408
2 236 9404
2 290 9216
2 589 9203
2 1562 9141
2 1642 9095
2 1888 8999
2 2190 8858
2 2705 8518
2 3573 8327
2 4725 8261
2 4997 8260
2 6228 7955
2 7542 7869
2 7734 7838
2 8967 7817
2 9241 7776
2 9799 7470
2 2091 7324
2 2428 7028
2 3980 6943
2 4055 6785
2 4611 6716
2 4814 6624
2 4857 5990
2 6306 5911
2 7413 5532