163
4 439 445 455 435
4 13 18 23 418
4 123 139 149 415
4 192 201 203 413
4 242 263 268 406
4 276 278 283 404
4 294 302 328 402
4 362 384 388 393
4 403 407 412 389
4 422 424 427 386
4 429 438 442 382
4 16 22 25 380
4 26 27 29 374
4 32 36 40 370
4 41 44 45 368
4 46 50 54 366
4 59 69 70 355
4 100 101 104 346
4 107 114 115 342
4 160 164 172 340
4 174 185 186 338
4 237 244 245 331
4 289 295 304 323
4 307 325 332 321
4 341 359 361 317
4 363 365 372 316
4 373 377 378 314
4 379 390 395 313
4 401 411 425 312
4 432 446 450 309
4 453 460 461 308
4 468 490 494 305
4 2 4 9 303
4 30 37 39 297
4 42 43 49 296
4 51 53 57 293
4 58 62 63 291
4 67 68 74 290
4 75 77 82 287
4 83 84 85 281
4 87 88 94 275
4 96 98 102 272
4 103 110 118 270
4 122 125 126 265
4 127 130 131 262
4 133 134 135 260
4 137 140 142 257
4 143 145 146 255
4 150 157 161 253
4 167 168 169 250
4 171 173 176 248
4 178 179 183 246
4 184 191 194 243
4 202 205 206 241
4 209 211 215 239
4 216 220 222 238
4 223 224 227 232
3 256 279 470
3 299 330 466
3 73 120 465
3 64 158 170
3 182 213 266
3 319 462 484
3 495 0 464
3 38 48 52
3 234 264 458
3 298 376 434
3 448 452 457
3 451 463 475
3 486 15 456
3 5 19 20
3 60 61 440
3 34 147 175
3 181 187 193
3 199 208 219
3 231 236 240
3 249 258 271
3 273 277 288
3 324 356 436
3 292 360 367
3 385 387 396
3 409 430 433
3 473 498 428
3 499 3 426
3 6 8 10
3 31 55 417
3 24 65 71
3 89 90 91
3 99 121 416
3 159 162 163
3 177 180 188
3 214 218 225
3 230 235 408
3 348 351 353
3 364 375 398
3 391 392 394
3 397 399 400
3 431 437 383
3 447 449 381
3 444 459 467
3 472 474 497
3 56 66 357
3 78 79 354
3 76 80 349
3 81 92 95
3 109 112 343
3 116 119 124
3 128 129 132
3 148 152 153
3 195 198 200
3 204 207 217
3 226 233 335
3 247 251 254
3 259 267 269
3 280 282 327
3 274 284 285
3 339 347 318
2 93 496
2 97 493
2 190 491
2 196 489
2 197 488
2 252 487
2 286 485
2 333 483
2 369 481
2 420 480
2 423 479
2 441 478
2 35 477
2 12 476
2 33 47
2 165 300
2 482 471
2 326 1
2 14 21
2 28 469
2 306 315
2 421 454
2 7 17
2 322 154
2 189 212
2 334 352
2 86 414
2 492 11
2 358 72
2 141 156
2 301 337
2 410 443
2 108 111
2 155 166
2 113 210
2 221 261
2 310 329
2 350 371
2 311 320
2 405 419
2 105 117
2 336 345
2 106 344
2 136 144
2 138 151
2 228 229